00 01 15 15 59
00 02 28 00 38
00 02 28 11 38
00 03 04 22 14
00 03 08 17 28
00 03 14 19 53
00 03 18 15 04
00 04 05 17 23
00 05 08 11 30
00 05 10 23 50
00 06 14 23 53
00 08 01 21 14
00 08 12 22 18
00 08 16 12 30
00 08 17 21 26
00 10 28 22 34
00 11 12 01 20
00 11 25 13 47
00 12 01 17 06
00 12 01 23 52
01 01 23 01 21
01 02 04 22 16
01 02 05 09 51
01 02 19 11 01
01 03 01 06 04
01 03 09 02 49
01 03 13 13 12
01 03 20 00 05
01 05 20 23 19
01 06 02 07 45
01 07 06 21 16
01 07 20 23 12
01 09 12 02 03
01 09 13 11 33
01 10 02 05 30
01 10 13 02 36
01 10 25 03 03
01 12 10 10 42
01 12 25 19 17
02 01 14 14 26
02 01 18 01 22
02 01 21 05 19
02 01 21 21 36
02 02 06 10 42
02 02 11 19 47
02 04 18 12 25
02 04 20 05 35
02 04 25 17 37
02 05 27 03 56
02 07 28 17 19
02 09 04 05 59
02 10 19 02 34
02 11 03 18 24
02 11 04 07 22
02 12 17 03 11
02 12 20 22 25
02 12 22 08 26
03 01 03 10 25
03 01 04 13 59
03 01 24 06 56
03 02 08 19 54
03 03 08 07 07
03 03 08 17 07
03 03 10 07 32
03 05 02 11 44
03 06 04 00 44
03 06 07 04 52
03 06 11 10 26
03 06 14 22 32
03 06 21 07 33
03 08 04 03 32
03 08 27 18 44
03 09 01 21 50
03 09 08 16 34
03 09 09 06 18
03 10 01 16 39
03 10 04 23 45
03 11 09 04 42
03 11 20 14 45
03 12 17 22 03
04 01 22 09 15
04 01 26 21 23
04 02 12 22 11
04 04 01 11 50
04 04 18 21 48
04 04 24 18 40
04 04 26 07 04
04 05 16 08 34
04 05 18 05 55
04 06 13 08 31
04 06 23 20 26
04 09 07 07 43
04 09 11 08 09
04 09 23 09 43
04 10 03 12 22
04 11 05 16 20
04 11 08 10 30
04 11 21 18 34
04 12 11 18 43
04 12 23 00 59
