01 01 01 14 08
01 01 05 17 41
01 01 19 03 08
01 01 23 05 12
01 01 27 03 07
01 02 25 16 09
01 03 12 07 37
01 04 06 09 09
01 05 02 00 08
01 06 06 21 49
01 06 17 17 49
01 06 18 02 50
01 06 18 21 16
01 07 12 09 23
01 08 03 20 58
01 09 15 11 17
01 10 06 21 58
01 10 16 01 59
01 10 18 12 47
01 11 03 20 23
01 11 05 12 50
01 12 27 04 51
02 03 02 16 20
02 03 26 05 47
02 06 13 11 13
02 06 14 12 34
02 08 21 10 43
02 09 07 19 39
02 09 15 22 08
02 09 27 15 04
02 10 22 20 46
02 11 03 17 45
02 11 12 09 13
02 11 14 08 21
02 11 27 04 46
02 12 21 01 07
03 01 13 17 29
03 01 16 18 34
03 02 10 18 44
03 03 08 21 59
03 03 08 23 17
03 03 12 21 40
03 04 01 05 41
03 04 19 07 07
03 04 20 05 07
03 05 05 00 07
03 05 05 02 30
03 05 07 13 44
03 05 09 04 22
03 05 09 06 59
03 06 05 19 52
03 07 21 22 49
03 08 05 08 27
03 08 14 22 55
03 08 15 03 38
03 09 25 03 45
03 10 03 10 40
03 10 16 17 41
03 10 25 02 14
03 11 03 17 28
03 11 06 12 08
03 12 19 15 56
04 01 02 19 10
04 02 01 15 52
04 02 16 00 17
04 03 19 20 48
04 03 23 08 51
04 04 10 17 24
04 04 27 04 26
04 05 06 12 10
04 05 19 03 43
04 05 22 02 35
04 06 14 11 54
04 06 20 21 18
04 07 01 08 40
04 07 18 08 08
04 07 26 06 31
04 08 20 14 05
04 10 02 01 19
04 10 08 13 05
04 10 24 12 29
04 11 12 20 00
05 01 08 03 11
05 01 11 16 20
05 01 13 23 48
05 03 07 17 28
05 03 23 16 27
05 04 25 20 04
05 05 03 13 34
05 05 06 05 18
05 05 07 15 19
05 05 10 12 24
05 06 13 17 08
05 07 13 08 13
05 08 06 07 20
05 08 09 05 13
05 10 22 06 03
05 11 09 20 58
05 12 06 16 14
05 12 25 07 07
